Some((
    red: 0.7582478,
    green: 0.58158034,
    blue: 0.81242585,
))