Some((
    red: 0.10464536,
    green: 0.050658137,
    blue: 0.11417127,
    alpha: 1.0,
))